now:2017-12-24 17:31:21.801578
// Monkey finished
now:2017-12-24 17:31:21.902067
